3 3
72 1785
187 1298
445 2895
40 1617
995 968
1103 267
921 4120
376 3518
1070 4473
1329 1015
1087 281
635 3797
1554 4061
46 5026
1167 474
1476 3891
817 324
521 2297
1206 3245
1115 2494
722 441
1055 345
26 4812
861 2857
180 2551
805 3502
1579 2212
707 2249
351 4265
1108 1853
873 499
1161 2414
446 3669
653 704
1120 605
281 1993
1647 1899
90 22
764 3453
956 4150
593 3918
333 1538
495 3244
1220 800
1051 2243
503 4182
825 4533
1120 4661
1381 2262
1250 3753
790 4142
1088 2963
198 2276
151 4086
1333 436
823 4099
1648 2410
244 1253
245 1341
905 2184
158 2975
852 2566
822 2401
671 1279
232 2549
249 1780
1540 3843
14 4109
1147 1109
1537 1535
111 4945
709 1921
119 3107
89 2759
519 697
114 1639
1562 1244
407 4478
642 2436
827 4782
483 3011
40 1176
1465 3380
685 3006
882 3767
1243 512
1357 2808
518 1908
44 4634
1388 2637
284 1569
843 3760
1607 4032
1481 1248
662 4669
437 1900
1609 2860
1567 2829
1173 2941
254 3984
1546 231
1660 4652
440 1474
1100 4835
246 4201
1382 1777
1448 1922
1294 4328
1046 1481
1435 2074
574 1486
808 4579
374 1160
1638 5045
1161 3585
1226 1473
1339 226
1187 135
1578 2896
1191 526
241 1684
483 2091
1587 1076
203 4388
811 1910
1090 2420
1432 2650
313 260
445 3476
714 5083
1473 3349
1185 4127
1457 2269
741 591
117 2230
4 2592
366 1480
380 638
702 4471
1640 4333
366 5043
1051 1626
3 3362
234 1470
1327 2282
317 4850
553 822
96 3038
1641 2209
268 1866
1269 1803
749 1977
1285 2337
1648 460
680 28
718 55
986 239
412 2640
175 3559
1024 433
131 4523
986 1053
1588 528
1100 3853
869 2323
554 408
1063 56
1254 4529
993 4821
410 3374
1588 2087
252 1506
603 3645
1108 1557
1293 2100
1179 3519
569 3425
1469 3436
900 487
1094 1150
182 2893
1236 2703
589 284
1138 413
814 939
804 3992
229 3716
1059 1232
562 4649
210 3510
172 1306
1601 2418
1 3334
559 3514
97 1718
1313 2754
612 2757
757 3965
874 1780
620 3865
1436 1753
708 3300
149 3808
1204 1092
788 757
741 4418
89 3521
712 759
1062 2009
799 1951
317 2720
719 5069
1586 2119
58 872
1163 1144
443 4710
305 4715
420 2093
942 774
738 3014
274 326
972 1553
650 2559
275 3748
1634 3359
1618 3744
520 4348
21 887
1532 2468
293 2322
1343 3416
291 1423
994 2808
146 3130
732 831
1231 2224
182 3047
454 2856
810 4938
55 307
1012 1108
1106 3843
369 3555
1039 4641
1019 4582
1303 3190
1007 3239
547 1350
309 3517
1035 872
1322 491
1044 3295
1513 348
1527 2709
1289 4387
579 4382
1579 464
169 3599
399 5132
967 3702
1229 1536
650 467
845 1833
1086 1039
746 4825
211 4214
500 5129
614 4596
108 3125
799 5019
1265 5073
406 3754
1617 187
644 1731
1253 409
684 4739
568 3066
916 228
1658 3109
150 1785
13 289
1059 3722
788 1900
212 1243
645 1017
890 4191
628 2272
1300 4162
1350 5045
946 2903
280 3791
658 4212
1245 1541
631 893
1174 2337
50 2542
886 4865
648 109
539 1907
1478 3217
435 4785
131 1029
1328 2180
1614 4807
1071 4210
1057 502
1469 3014
858 2841
653 2415
545 1934
689 1083
1148 872
282 849
346 4710
1028 4708
1492 574
177 4431
919 395
1213 4861
731 2381
686 1158
301 841
1128 2498
1544 3675
207 4038
491 4524
21 3345
1238 465
307 764
1463 1989
1113 1585
403 4385
559 2647
703 2517
504 1734
567 1385
40 1835
279 753
69 4600
971 565
164 3648
1185 4053
1370 1487
867 4751
76 3405
293 3005
895 4406
1240 2059
501 157
2 4687
1356 5091
732 138
189 2710
88 3072
1091 2286
288 1025
1145 323
1640 4650
1018 2049
1444 4162
837 603
1096 3597
1153 2565
819 3714
108 2021
1414 3702
1425 2416
1545 257
754 2402
833 3786
1163 214
829 4230
1564 3209
1003 511
1280 160
800 3659
371 4288
805 4387
692 1503
1224 5017
1500 2951
299 271
682 4266
333 4831
1297 665
1155 4322
1391 3191
683 3315
313 2542
1356 1419
362 552
438 771
966 103
977 4876
1142 4423
1053 3428
1118 2521
392 3121
903 3818
276 1303
469 1474
1638 3606
1099 1041
499 3653
1059 794
465 856
154 4115
360 4504
904 3863
1243 2513
1340 1426
494 2293
587 3962
44 1185
767 3590
331 90
1101 2728
1303 857
1319 1281
524 3411
605 407
1457 2578
963 2844
1413 3694
1102 3639
700 5063
882 548
348 3003
1417 3275
721 2830
1202 248
783 81
377 208
321 2029
170 4037
333 4296
302 2846
147 3565
546 1939
964 3478
237 3019
413 3885
1136 3847
1064 1863
608 1786
456 3736
1149 3555
1008 2099
479 5106
911 1161
1186 684
679 1163
808 2936
940 3451
135 2847
1381 5114
323 4207
1071 2050
692 4199
1126 1285
1343 902
1030 2007
367 3187
164 1406
95 3384
1422 3756
729 3395
1346 3455
1468 2423
1167 1676
1585 1196
16 2350
721 2148
88 978
1193 4539
1137 3693
1186 3130
129 4000
943 526
278 3103
1481 2588
902 105
772 2628
1461 5016
976 2941
910 333
136 2028
335 3633
101 2284
917 2713
217 2192
1118 1308
644 4979
575 3454
1400 3559
286 2970
1154 1220
1421 3683
566 3097
1223 120
1632 2244
1302 621
1421 2755
971 4025
21 2360
731 3698
1103 3020
793 4433
466 27
1282 4825
1582 634
1226 4467
73 3021
1561 1732
117 4807
1612 4562
1392 4506
1297 3723
375 1766
889 2038
1560 541
176 35
1496 648
973 3826
856 2986
799 2522
45 2339
875 2137
1347 1827
1649 2042
276 2019
527 1325
1289 946
267 2907
1079 1557
993 4188
937 286
637 4995
1632 4010
1650 2052
1426 1602
1509 932
1614 316
365 2378
617 1998
1391 3381
458 1343
1090 2921
771 1003
1369 3889
50 223
1111 3042
1036 2357
1116 368
1579 1577
1060 1727
1012 3126
1541 2229
173 1168
1537 1503
1110 3944
497 998
1487 1741
1194 3701
225 2930
462 1180
946 4082
1578 523
1468 4640
1625 4445
1413 3623
1435 1340
67 3
1548 1107
1421 4549
1607 1211
360 2455
1566 2272
144 4898
615 2081
1606 4835
1589 100
1270 3666
726 3873
234 1926
137 3059
1008 657
1006 4738
1282 3923
428 4525
335 4049
47 2309
530 1691
659 3028
559 2550
918 1793
1604 5044
269 3975
1243 1313
1207 1010
1378 436
559 812
1376 2276
730 459
1218 1957
162 2073
1308 351
1387 725
906 826
1312 1914
1483 3483
1366 2832
965 1890
1078 1075
1028 3106
266 3482
1162 5133
141 2249
1647 3896
1491 2932
531 1629
36 798
529 711
947 4456
38 668
1002 4160
325 2046
923 4482
1201 3488
764 441
516 4395
1435 2994
1334 4874
1237 1813
333 3420
1565 4001
1659 4209
578 5002
1338 1273
1611 796
1600 2144
21 5116
203 1793
809 487
292 149
280 3664
242 41
1082 2288
1028 4554
1597 3072
1356 2879
1241 4862
1233 4271
320 697
688 2235
1314 3888
1019 3604
989 3745
983 2357
722 3000
1334 884
1568 2298
379 567
953 2593
811 621
1068 914
430 1476
550 268
1261 3339
665 4386
130 2937
1282 4441
347 2676
679 2544
345 3982
692 3756
692 3570
907 2903
452 1157
977 3655
150 3155
480 163
303 3190
712 2573
1247 857
1343 3858
265 4447
1565 5102
157 4174
177 2918
1093 133
1223 868
1641 1825
1521 2688
1452 237
1213 3810
1176 2491
1522 3344
1027 374
313 734
362 907
562 1554
1280 2058
1644 1698
936 640
68 1210
947 35
323 3258
980 1987
252 2837
1584 102
782 2947
159 889
907 605
275 2250
389 1545
1000 2228
1199 4413
377 5099
535 2202
1516 2025
344 1904
1062 5123
855 4920
1075 1319
1284 3130
1023 4544
811 1828
1621 843
1326 2696
1571 3142
1146 4783
37 80
59 4894
1545 3197
980 2138
1534 1812
413 2043
1407 2241
863 13
1312 1710
919 1297
1601 4633
549 4761
1607 146
233 3784
1087 4991
1400 440
1026 611
425 442
503 2695
554 4060
268 1546
515 3587
77 1264
198 1305
1278 3152
832 538
487 770
398 590
1285 624
921 1849
1589 302
643 544
1054 1353
1581 2154
834 458
1027 3171
1105 4498
1323 1291
992 802
490 2442
1429 3333
1175 179
1048 3068
1623 2636
1144 3508
392 4872
841 4609
1067 4283
923 1478
665 4356
127 1728
826 3876
1307 3894
1195 2901
858 1223
926 3994
680 211
771 2275
30 3111
553 3777
599 4553
115 1354
891 964
1439 2039
772 2607
1210 2898
1149 813
965 1549
1124 4103
426 1083
368 92
760 1781
1531 4627
293 3718
937 1102
1500 619
1509 4639
147 3092
1651 3881
312 2422
1571 282
208 4380
268 421
425 787
648 392
1373 4768
1365 3684
382 374
604 3896
650 4436
413 4351
1103 2095
443 56
1020 1644
471 494
360 4692
190 4649
482 1048
1362 3471
508 3523
1262 810
1664 1796
521 2471
1315 1120
933 3295
1418 3280
872 3665
640 2174
287 2279
719 596
822 3902
562 4349
1370 3949
160 4444
427 290
138 2893
882 2919
61 1684
636 3447
301 1858
266 1216
1188 1396
16 1393
1238 4676
614 1448
1045 72
110 3586
886 3839
312 4261
599 2228
391 3238
592 4163
1653 332
1064 4808
1369 4177
507 4778
667 1324
708 4234
1526 2710
1085 669
1526 4229
702 3678
1234 3388
1122 3469
1643 3219
1349 3116
1029 3846
960 4059
964 5001
1388 4291
381 4897
266 5028
1319 1837
172 163
708 3923
652 3687
538 499
622 4435
422 2159
811 1768
709 3244
1353 2611
25 3088
796 3951
702 691
208 205
707 1355
535 3395
209 2690
977 4658
1152 2286
1378 3074
1017 3308
155 3737
635 118
296 5074
1034 3802
1521 192
561 2049
1437 1064
227 3523
656 3114
1425 665
278 394
95 1964
378 2570
93 2702
803 3028
1050 4109
862 4553
151 2019
1577 4029
616 3714
1651 331
1560 3403
975 3541
386 711
125 366
1200 3180
1276 762
504 2294
681 686
7 2142
546 2508
180 4655
840 3964
175 2041
1574 4450
1099 3052
1229 4411
382 110
240 1218
1288 3222
355 4803
1470 695
1034 1947
484 1919
394 1504
1293 625
48 3017
1617 2489
1088 1570
673 1617
131 1679
1135 4659
1041 2549
262 2291
908 243
218 2322
1343 2261
306 3402
846 3592
1045 65
362 4300
527 4700
393 2965
1271 3832
777 3235
177 3054
395 2927
653 2705
516 2483
953 471
1548 4876
1249 1937
1076 3419
1415 3027
227 3832
544 4666
618 3161
197 1335
797 1553
1218 3361
139 3589
548 3677
942 4426
235 3009
1037 2904
1565 4739
1489 1731
27 3006
478 805
392 1538
348 4777
501 586
685 883
1394 2819
309 2566
1613 4218
1068 4965
16 3607
1006 3806
1279 3742
1520 325
352 4725
633 2152
692 2923
1118 1441
1057 2496
521 57
946 1661
411 681
598 4576
1206 3012
1372 2323
331 3002
135 4227
848 848
682 2262
108 3721
1326 258
602 2857
950 5065
570 4332
518 2664
676 4472
1568 3798
1496 1128
1611 1071
156 3784
1144 2105
291 3135
1657 479
1201 4044
657 1789
533 4093
445 3712
160 239
735 1681
1208 2760
1421 3100
787 900
1172 2795
204 4115
418 3250
1529 205
1635 429
824 4141
492 2920
369 429
1554 2543
499 1440
78 4883
355 4098
1610 4691
1418 3224
951 2906
402 3220
1249 3621
1157 1716
1256 3725
788 3046
1206 2482
403 2593
506 2422
273 2050
1454 877
609 3670
819 2130
579 1310
1154 4802
465 3277
1060 2512
778 2115
523 2972
715 2294
318 3246
126 2669
1200 3436
373 1452
1237 856
91 3131
90 1367
1585 142
320 4384
245 315
1532 935
18 3149
1416 4486
839 2069
411 2066
288 3880
479 2208
10 304
874 3693
1181 5130
611 3435
785 4096
573 4408
338 4226
1439 3498
286 4011
296 4362
769 4439
726 1634
1586 2758
1563 1766
930 4760
203 3742
1505 4451
1078 166
189 2218
687 4133
1460 3745
1180 2229
1447 716
849 3
1136 3792
1624 2205
1468 3600
68 1936
1300 2379
1361 4544
823 333
1088 2232
435 2347
1663 4394
678 2111
48 4641
536 2929
746 1324
359 3578
116 281
1444 4770
980 3552
1140 2084
838 799
1214 2439
881 1255
1450 1698
1455 273
1162 2819
795 4187
480 4488
1130 1831
1520 4696
759 4046
936 646
191 4739
1027 2733
186 412
504 1119
676 1493
796 4294
351 4026
1150 2414
727 2232
1422 4129
568 924
1421 2944
995 750
228 3034
868 3058
759 3926
455 2734
571 247
1471 677
1377 3536
190 1214
424 4000
171 2736
432 2038
826 3745
1257 1853
410 3429
1286 5089
1503 3906
346 241
1152 1941
754 4167
1472 804
224 4172
864 3814
384 1788
18 1670
493 3857
756 43
970 4682
307 3717
1393 2388
645 3704
819 2074
434 3582
201 2473
51 1224
861 4175
1552 3535
1175 4486
186 2412
1582 2297
740 2425
1024 1231
719 3051
293 1480
839 1435
1518 390
1496 3218
323 4155
1340 535
1632 2782
159 1348
1235 2050
510 2255
415 209
1639 4670
247 2258
1264 3049
319 3778
487 993
627 4786
453 1007
1060 4068
141 3712
137 1273
1603 4488
1041 4890
1483 4864
83 2453
791 279
653 4325
741 3786
607 1044
974 4666
1336 2140
1275 2107
370 834
995 1185
758 1195
662 3945
0 613
479 1679
1153 2187
1645 616
1360 4488
623 111
1382 1905
314 2914
801 3617
979 4652
675 4168
683 2187
1135 1612
1224 4131
367 92
518 4741
136 768
315 1230
1377 4157
683 4585
969 4751
1401 841
529 3612
1164 4208
784 3151
1610 4128
377 3060
32 1549
986 1280
65 48
64 2276
291 4459
1212 4030
697 1979
843 3213
708 4639
831 3292
1086 385
674 1776
