3 3
308 98
195 156
17 103
193 271
33 192
182 204
127 69
31 48
229 256
167 149
317 49
145 10
299 25
30 105
48 184
327 247
36 45
72 61
283 243
149 318
13 67
101 193
128 106
188 226
87 268
298 270
141 187
215 16
58 248
299 298
148 223
32 12
57 251
5 54
316 185
45 20
184 257
158 161
81 287
12 74
132 324
321 133
130 126
151 306
78 219
275 311
164 12
127 60
53 154
312 3
181 275
84 169
111 82
209 182
272 190
96 45
96 124
180 216
138 202
129 153
120 99
67 286
146 326
261 50
203 136
250 305
319 233
112 109
220 14
168 142
105 202
72 98
